0 0.1745847307969902 0.6983688014260558 0.3077859140676259 0.38451239714788843
0 0.4034538301124182 0.772836494539051 0.3450312460828483 0.3784805657657994
0 0.39285061665281457 0.5509705848981306 0.2580114071475437 0.3514180960164204
0 0.600245258477319 0.8271734948336386 0.24037823817418288 0.3403806020665446
0 0.765664670036306 0.8019866215916593 0.33141441505620894 0.38933625253408266
0 0.7696943009492145 0.632391739078102 0.2570908942959626 0.2904896863754999
0 0.8003156067669828 0.5017139108192707 0.19733920950527092 0.20422493344863374
0 0.9066704471479813 0.4744469079906004 0.18665910570403738 0.3824044756031114
0 0.8736364071475438 0.3450003025062102 0.18859556228074012 0.29633971057599684
0 0.3702593977560035 0.3033870577707675 0.2284910504177419 0.24033515027114652
0 0.41625498866847455 0.3390654825369984 0.1558175543720745 0.2586579033944044