0 0.07746069129812536 0.4034568645902546 0.1396469943004168 0.16808627081949085
0 0.16070829597152808 0.3496123689091912 0.14796864057694462 0.1904619185677375
0 0.5258624769173268 0.40680099861572405 0.16744468597979179 0.15582610271317865
0 0.14985136967847285 0.7571640530546324 0.21693684612402792 0.2042426187523077
0 0.2232505424561464 0.6499640198966403 0.23626742116215294 0.16335680289774893
0 0.2025730601235769 0.5683530744924321 0.1799083183886113 0.1550646391103733
0 0.20923998100138932 0.5186336767441855 0.14146406743868073 0.1791239003691402
0 0.27622680603951427 0.47209054133444006 0.13565047853284734 0.19747338217054294
0 0.3683422240675352 0.4967017126799548 0.172858231382639 0.12028912091177606
0 0.4067156994662505 0.5654424182631957 0.19814917211208344 0.13439119370616517
0 0.40691702763850746 0.6413237978128451 0.22184124525034737 0.14683063695090492
0 0.6940579241993758 0.8427816641011425 0.33296188962701406 0.22883970542635765
0 0.6509956423798965 0.7070537176172003 0.12380378875333342 0.15770997532299766
0 0.5561182470532993 0.6646239905961595 0.16740831838861112 0.15426360271317882
0 0.5459412004161811 0.5299183235695815 0.16657317021222226 0.18541347316352946
0 0.6622195106366672 0.48334610734588235 0.1282380220358334 0.21416023442229637
0 0.7353491925323963 0.5326463980620136 0.15407317021222228 0.18461243676633482
0 0.743926718367952 0.6322458798634163 0.20766964247680572 0.1412419710040611
0 0.8439565538553128 0.29096194093761324 0.1547264804327085 0.14565006631598418
0 0.8086561399113545 0.3542524853543722 0.11871624525034719 0.14022208667404978
0 0.9314922682361114 0.6462421213824265 0.1370154635277771 0.170650066315984
0 0.9079261752462155 0.5242064350775171 0.1841476495075689 0.21720369370616516
0 0.9236473199072226 0.45407440777962116 0.14466049620027804 0.11536178901808825
0 0.730744119775382 0.09948344463824102 0.154762848023889 0.14721256631598414
0 0.8859764804327085 0.07936430444813355 0.12056968597979179 0.1528222162236991
0 0.7924790939398264 0.02231298195828623 0.10058318787965277 0.04462596391657246