0 0.8059845497376967 0.5973996522148416 0.3615576143274538 0.5766158713732012
0 0.7667608147138212 0.760130475784423 0.4327580025318888 0.47973904843115384
0 0.4803198285088193 0.839841354872647 0.5429811960011339 0.32031729025470596
0 0.2970832317741966 0.7754143167774095 0.33971235226173624 0.39748957587670813
0 0.3189458520072822 0.6202156770487274 0.3767609736759482 0.47625492596899316
0 0.49546620118897555 0.5430488070598021 0.40114590398316763 0.5495317396640835
0 0.10542407686435676 0.6838218923495758 0.21084815372871352 0.4676437846991515
0 0.22984617958942918 0.39135139497046945 0.3400595818433162 0.45207694632705875
0 0.8223114765015371 0.28681260563861416 0.2865129411918105 0.34731030073828045
0 0.14823152560626163 0.9027337762181616 0.24442959019601868 0.19453244756367666
0 0.29504213757146275 0.20604375308231898 0.29012901451278833 0.36157305983757915